%YAML:1.0
---
cameraMatrix: !!opencv-matrix
   rows: 3
   cols: 3
   dt: d
   data: [ 3.9425669959933759e+02, 0., 3.1282057287678469e+02, 0.,
       3.9359539564125413e+02, 2.3785218989046859e+02, 0., 0., 1. ]
distCoeffs: !!opencv-matrix
   rows: 1
   cols: 5
   dt: d
   data: [ -4.8725184947325161e-02, 8.9615842151132885e-02,
       -8.7968028534973948e-04, -5.3664171551427945e-03,
       -4.5975189722851216e-02 ]
rvecs: !!opencv-matrix
   rows: 54
   cols: 3
   dt: d
   data: [ 1.2494351674577139e-01, 2.6385302029783636e-01,
       1.7445333719502245e+00, 5.7910038252137114e-02,
       1.8102847858379753e-01, 1.6596440908609105e+00,
       5.2716510675808903e-02, 1.7388961484525262e-01,
       1.6871807695002985e+00, 1.9989127253057606e-01,
       6.1275866529260514e-01, 2.3404682093428284e+00,
       2.7379732026191378e-01, 5.4281858246423431e-01,
       2.7196637704839688e+00, 3.4715917295463827e-01,
       5.2625859981478673e-01, 2.8389301413196057e+00,
       -4.3288526325499549e-01, -5.2066209346056425e-01,
       -3.1228126219681069e+00, -4.9051617432475553e-01,
       -4.0679865434999241e-01, -3.0721955533878034e+00,
       3.0772017929848300e-01, -8.8338832839628512e-02,
       3.0570071079794356e+00, 2.6341119336038321e-01,
       -3.8765398937807109e-02, 3.0483598984799190e+00,
       1.3829964058777422e-01, 1.9673208636511813e-02,
       3.0258583101080903e+00, 9.4034277496301111e-02,
       6.9437027141803026e-02, 3.0401729283513843e+00,
       5.3525935042124800e-02, 9.8536314820883972e-02,
       3.0317772444974618e+00, 3.3677053518576673e-02,
       9.2256448648784517e-02, 3.0175604048868010e+00,
       1.1406539990824795e-01, -5.6543145311534915e-01,
       2.9664541289815523e+00, 1.7770048528517512e-01,
       -6.2321262367580821e-01, 2.8643199565414275e+00,
       2.4297020878938702e-01, -1.0259970774598159e+00,
       2.6422041059169730e+00, 2.2307060201559670e-01,
       -5.4231277829135460e-01, 2.8146741403580866e+00,
       -3.7611305335868311e-01, -1.0926148995892850e+00,
       -2.9388820858693969e+00, -3.3175911106329509e-01,
       -1.1815115243095089e+00, -2.9415244421288826e+00,
       -2.8858634541147538e-01, -1.3086198393926394e+00,
       -2.9043096942247031e+00, 2.3423292333166557e-01,
       1.3340600692927902e+00, 2.7521228124825039e+00,
       2.2771684489785882e-01, 1.3583002097142727e+00,
       2.7438765231965996e+00, -4.1952351900397239e-01,
       -1.4005394520499024e+00, -2.7909665258321668e+00,
       -4.3043555645070392e-01, -1.4266694935710258e+00,
       -2.7604333209960035e+00, -1.6473659047255408e-03,
       1.0425134091753463e+00, 2.8682942422180311e+00,
       -9.9555416653141038e-01, 2.4883883505375542e-01,
       2.8322553006035673e+00, -1.2341248030935630e+00,
       2.4909786740491355e-01, 2.6866204705472110e+00,
       -1.2204608099629093e+00, 2.5969089186807987e-01,
       2.6808088920476689e+00, -1.1820718270957840e+00,
       2.8074397747462565e-01, 2.6824247997947919e+00,
       -3.8527895697091674e-01, 3.6105661337481204e-01,
       2.9546073154181727e+00, 1.7002555061886197e-02,
       3.9791950863656239e-01, 2.9897325814850255e+00,
       1.8584106154932747e-02, 4.0617304041441182e-01,
       3.0129040440407051e+00, 2.6651493644210952e-03,
       4.0205253609996422e-01, 3.0125092303239152e+00,
       4.1304512692972445e-03, 3.9263116962591887e-01,
       3.0188370744199640e+00, -1.2938352120770322e+00,
       -9.8466170462845351e-02, -2.9010108037897933e+00,
       1.5652656297942302e+00, -4.8133278894402741e-02,
       2.6578845065323256e+00, 1.5241964550690743e+00,
       -1.8090540416783509e-02, 2.6126486753265357e+00,
       1.4600321241934608e+00, -2.1566778847814730e-03,
       2.5898329596594998e+00, 1.4599129166453595e+00,
       2.7727748725004582e-03, 2.5913418399976509e+00,
       1.4475079788514020e+00, 2.6716139329635621e-02,
       2.5820321455481263e+00, 1.4377343256596198e+00,
       2.3283027785445502e-02, 2.5891677839161478e+00,
       1.2410283042392622e+00, 1.2894653066034664e-01,
       2.6803242635925937e+00, 1.1344849579548453e+00,
       9.6877646743198653e-02, 2.7288186555220459e+00,
       3.4114558234093978e-01, 8.4656994119771206e-02,
       3.0216381766843008e+00, -7.9796862084228717e-02,
       5.3765343554389743e-02, 3.0911397776511325e+00,
       -5.8573641602485294e-02, 6.5882738799078147e-02,
       3.0815121493553472e+00, 1.1495880626303613e-02,
       8.4013831095113178e-02, 3.0819610862192679e+00,
       1.5119036032119623e-01, 9.7977015025721301e-02,
       3.0975680716789538e+00, 1.2653901233203274e-01,
       1.2041639474066691e-01, 3.0520988077302031e+00,
       8.0463168797038825e-02, 1.9074698813481672e-01,
       3.0008828186597976e+00, 1.1713577458022738e-01,
       1.7999021780712807e-01, 2.9876934919015836e+00,
       7.3223409596536018e-02, 1.9386530788456724e-01,
       2.9915522478809042e+00, 5.0376969470672557e-02,
       1.8703319738766866e-01, 2.9951534540932521e+00 ]
tvecs: !!opencv-matrix
   rows: 54
   cols: 3
   dt: d
   data: [ 1.9661597070740602e-01, -1.1401269391481698e-01,
       3.8304130212962723e-01, 1.4816640448554561e-01,
       -1.0482276919059463e-01, 3.8793537398579275e-01,
       1.4270514325932762e-01, -1.1050487958860487e-01,
       3.8093554275045555e-01, 1.9338409905622617e-01,
       -5.0209013742147202e-02, 4.0006156903589191e-01,
       2.2374260953089839e-01, -2.3542023041654567e-02,
       3.9375253124666942e-01, 2.2096950628253584e-01,
       -2.8897985531096317e-02, 4.0841311836579841e-01,
       2.0197977874597453e-01, -6.6960662276909968e-03,
       4.0387411892617303e-01, 2.1086421048394699e-01,
       9.7774717471614970e-03, 4.1186689069027149e-01,
       2.0735420366281401e-01, 1.5461377077195743e-02,
       3.9633350845552717e-01, 1.9785214293983569e-01,
       1.8393194627996119e-02, 3.8747977652303517e-01,
       1.8867497152875054e-01, 3.0138177593107669e-02,
       3.2274223538046320e-01, 1.8588421886784548e-01,
       2.4113637529228085e-02, 2.4682071013225784e-01,
       1.8017604382977426e-01, 4.5039093531125375e-02,
       2.1287939214752352e-01, 1.8208144803907678e-01,
       4.8740250731494392e-02, 2.1309975795058703e-01,
       1.7413337364903506e-01, -4.7705285249663505e-02,
       3.8391955743715589e-01, 1.4494134615674409e-01,
       -2.7965184508998906e-02, 4.8929594014722777e-01,
       1.7781338903753832e-01, -3.9211859944098107e-02,
       5.7857797343622308e-01, 1.8865102269634004e-01,
       -4.2086259411839980e-02, 5.2720564563699124e-01,
       2.3996347908343929e-01, -5.2617731856546644e-03,
       3.8206326246206823e-01, 2.2796875368373176e-01,
       4.3754047606361035e-02, 3.4726976159482587e-01,
       2.3116039350290357e-01, 5.6520116110916716e-02,
       2.9586662328205032e-01, 2.1201209451995023e-01,
       7.4515644644808920e-02, 2.4240313940502753e-01,
       2.0691660027659123e-01, 7.3290991460879487e-02,
       2.3086949746506194e-01, 1.6569303900637228e-01,
       8.2548928572685712e-02, 2.3256320672171360e-01,
       1.6279914118483096e-01, 8.5040150012910168e-02,
       2.2892163099724794e-01, 1.7815266878516739e-01,
       4.9455587694782699e-02, 2.8814125880201297e-01,
       7.2600297791178964e-02, 1.5754354596342165e-02,
       4.3523255315907966e-01, 1.3702187508804947e-02,
       4.2313999198331606e-02, 4.4158819603508520e-01,
       1.6504509597168770e-02, 4.1536116898944667e-02,
       4.5197745962223046e-01, 1.1326885570584068e-02,
       4.7900359048031506e-02, 4.5531653172840442e-01,
       9.2812531386494632e-02, 2.9085688327123018e-02,
       4.1888681681534401e-01, 1.8673811506471405e-01,
       9.5777504670394448e-03, 3.9554896750900359e-01,
       1.7666820353793652e-01, 4.0003670327985836e-03,
       3.9155958768659599e-01, 1.7384518782465977e-01,
       3.0386465307304291e-03, 3.8953587239037485e-01,
       1.7733246316719073e-01, -1.1985449204226998e-03,
       3.8951397205145755e-01, 3.3761464879576503e-01,
       -3.5583182101790047e-02, 3.1963601460995389e-01,
       3.4467144950744510e-01, -2.7622196542258004e-02,
       2.8824026148607307e-01, 2.6986823985908931e-01,
       6.5449290399578978e-03, 3.0770860550355378e-01,
       2.3859485929171304e-01, 3.1284604722953656e-02,
       2.8917582497671779e-01, 2.1593729507414033e-01,
       3.8523455871420045e-02, 2.8213729648915536e-01,
       2.1164406791913587e-01, 4.3286883986626772e-02,
       2.8042883575468308e-01, 2.1017725335524787e-01,
       4.2353103220060341e-02, 2.7910746845975909e-01,
       2.1282878346005102e-01, 4.6553893937026601e-02,
       2.7441034387643548e-01, 1.9832360654941214e-01,
       3.6174143921573310e-02, 2.7077305177862204e-01,
       1.6050267754367137e-01, 3.6534307395683543e-02,
       2.0973904212436922e-01, 1.4087493013897884e-01,
       4.3751144532310084e-02, 1.7359629857810802e-01,
       1.3749378433072043e-01, 3.8823080986845136e-02,
       1.8113022483628202e-01, 1.3590013741564652e-01,
       2.2108603993318328e-02, 1.8804346468312344e-01,
       1.4316388182381865e-01, 6.8321271973392328e-02,
       1.8972968574346466e-01, 1.4660144722468293e-01,
       8.8749469010079199e-02, 1.8190157105796362e-01,
       8.0517738671515057e-02, 7.7265778241723121e-02,
       3.8589841096939242e-01, 2.9258866935190926e-02,
       8.3715852912704281e-02, 5.3964593049309550e-01,
       2.4035867500532805e-02, 7.6476434285840611e-02,
       5.4520943782419029e-01, 2.5555471341738963e-02,
       5.9602799056300289e-02, 5.3178295429931211e-01 ]
